# MD(mKB)	Incl(deg)	Azm(deg)	Grav(g)	Mag(Gs)	DipA(deg)	TVD(mKB)	VS(m)	NS(m)	EW(m)	DLS(deg/30m)	SS(m)	Status
0.00	0.00	0.00				0.00	0.00	0.00	0.00	0.00	787.84	OK
6.40	0.00	0.00				6.40	0.00	0.00	0.00	0.00	781.44	OK
33.00	0.00	0.00				33.00	0.00	0.00	0.00	0.00	754.84	OK
50.18	1.35	189.11				50.18	0.08	-0.20	-0.03	2.36	737.66	OK
77.89	1.65	184.07				77.88	0.42	-0.92	-0.11	0.35	709.96	OK
105.69	0.52	163.67				105.67	0.71	-1.44	-0.10	1.27	682.17	OK
133.49	1.38	28.72				133.47	0.78	-1.27	0.09	1.93	654.37	OK
161.84	2.60	23.49				161.80	0.64	-0.38	0.51	1.30	626.04	OK
190.24	3.43	19.62				190.16	0.31	1.01	1.05	0.90	597.68	OK
218.23	2.19	5.46				218.12	-0.14	2.33	1.39	1.51	569.72	OK
245.98	1.61	346.73				245.86	-0.68	3.24	1.35	0.91	541.98	OK
273.68	2.03	343.45				273.54	-1.34	4.09	1.12	0.47	514.30	OK
301.80	0.93	352.38				301.65	-1.87	4.79	0.95	1.20	486.19	OK
329.99	0.50	38.41				329.84	-2.01	5.12	0.99	0.73	458.00	OK
358.29	0.58	56.13				358.14	-1.95	5.29	1.19	0.20	429.70	OK
385.93	0.65	90.24				385.78	-1.77	5.37	1.46	0.40	402.06	OK
414.04	0.99	103.09				413.88	-1.41	5.31	1.86	0.41	373.96	OK
442.19	0.85	119.29				442.03	-0.97	5.16	2.28	0.31	345.81	OK
470.49	1.13	134.09				470.33	-0.49	4.86	2.66	0.40	317.51	OK
497.90	1.51	122.39				497.73	0.14	4.48	3.16	0.51	290.11	OK
525.70	1.78	141.70				525.52	0.92	3.94	3.73	0.66	262.32	OK
553.18	1.60	143.72				552.99	1.68	3.30	4.23	0.21	234.85	OK
581.50	0.96	139.30				581.30	2.28	2.80	4.61	0.69	206.54	OK
604.23	0.34	154.46				604.03	2.53	2.60	4.77	0.84	183.81	OK
625.00	0.16	252.02				624.80	2.56	2.53	4.77	0.57	163.04	OK
642.99	0.44	293.59				642.79	2.48	2.55	4.68	0.56	145.05	OK
676.43	2.49	32.19				676.22	2.33	3.22	4.95	2.33	111.62	OK
703.63	4.08	27.76				703.37	2.22	4.57	5.71	1.77	84.47	OK
730.86	5.09	26.46				730.51	1.96	6.51	6.70	1.12	57.33	OK
758.04	6.79	22.98				757.55	1.51	9.07	7.87	1.92	30.29	OK
785.21	5.03	21.59				784.57	0.96	11.66	8.93	1.95	3.27	OK
812.41	5.61	21.13				811.65	0.42	14.01	9.85	0.64	-23.81	OK
839.63	4.90	13.91				838.76	-0.26	16.38	10.61	1.07	-50.92	OK
866.82	5.31	5.41				865.84	-1.25	18.76	11.01	0.95	-78.00	OK
894.00	3.66	0.27				892.94	-2.33	20.88	11.13	1.87	-105.10	OK
921.22	2.44	354.66				920.12	-3.17	22.32	11.08	1.38	-132.28	OK
948.45	1.57	350.47				947.33	-3.79	23.27	10.97	0.97	-159.49	OK
975.66	1.37	355.98				974.53	-4.24	23.96	10.88	0.27	-186.69	OK
1002.86	1.14	353.44				1001.73	-4.62	24.55	10.83	0.26	-213.89	OK
1030.11	0.52	287.14				1028.97	-4.91	24.86	10.68	1.15	-241.13	OK
1057.39	0.28	322.17				1056.25	-5.09	24.95	10.52	0.37	-268.41	OK
1084.60	0.70	197.84				1083.46	-5.11	24.84	10.43	0.98	-295.62	OK
1111.84	0.28	180.10				1110.70	-5.03	24.62	10.38	0.49	-322.86	OK
1139.07	0.70	152.97				1137.93	-4.85	24.40	10.45	0.52	-350.09	OK
1166.26	0.53	133.72				1165.12	-4.58	24.17	10.62	0.29	-377.28	OK
1193.52	0.46	116.31				1192.38	-4.35	24.03	10.81	0.18	-404.54	OK
1220.76	0.60	173.31				1219.62	-4.15	23.84	10.92	0.57	-431.78	OK
1247.96	0.64	35.21				1246.82	-4.05	23.82	11.03	1.28	-458.98	OK
1275.17	2.87	34.92				1274.01	-4.03	24.51	11.50	2.46	-486.17	OK
1302.40	1.73	46.96				1301.22	-3.92	25.35	12.20	1.36	-513.38	OK
1329.61	2.42	342.37				1328.41	-4.28	26.17	12.32	2.53	-540.57	OK
1356.80	1.69	225.24				1355.59	-4.81	26.44	11.86	3.89	-567.75	OK
1384.03	3.40	215.62				1382.80	-4.91	25.50	11.11	1.94	-594.96	OK
1411.28	2.44	214.13				1410.01	-4.94	24.36	10.31	1.06	-622.17	OK
1438.50	2.83	223.41				1437.20	-5.06	23.39	9.52	0.64	-649.36	OK
1465.69	2.83	221.24				1464.36	-5.26	22.40	8.62	0.12	-676.52	OK
1492.89	2.83	217.10				1491.53	-5.39	21.36	7.77	0.23	-703.69	OK
1520.10	2.77	220.18				1518.70	-5.50	20.32	6.94	0.18	-730.86	OK
1547.32	2.11	211.21				1545.90	-5.56	19.39	6.26	0.84	-758.06	OK
1574.52	2.12	209.23				1573.08	-5.49	18.53	5.75	0.08	-785.24	OK
1601.70	1.76	200.09				1600.24	-5.36	17.69	5.37	0.52	-812.40	OK
1628.96	0.54	109.41				1627.50	-5.13	17.26	5.34	2.03	-839.66	OK
1656.17	0.65	49.04				1654.71	-4.97	17.32	5.58	0.67	-866.87	OK
1683.37	0.88	57.96				1681.91	-4.84	17.53	5.87	0.28	-894.07	OK
1710.55	0.84	54.15				1709.08	-4.69	17.76	6.21	0.08	-921.24	OK
1737.77	1.00	46.56				1736.30	-4.56	18.04	6.55	0.22	-948.46	OK
1764.96	0.58	18.09				1763.49	-4.55	18.33	6.76	0.62	-975.65	OK
1792.13	0.55	16.92				1790.66	-4.62	18.59	6.84	0.04	-1002.82	OK
1819.33	1.20	72.43				1817.85	-4.48	18.80	7.15	1.10	-1030.01	OK
1846.54	1.07	61.23				1845.06	-4.19	19.01	7.65	0.28	-1057.22	OK
1873.77	2.82	59.59				1872.27	-3.78	19.47	8.45	1.93	-1084.43	OK
1900.95	6.56	63.72				1899.36	-2.71	20.49	10.42	4.14	-1111.52	OK
1928.14	10.17	73.30				1926.25	-0.40	21.87	14.11	4.26	-1138.41	OK
1955.33	15.40	78.19				1952.76	3.66	23.30	19.95	5.89	-1164.92	OK
1982.51	20.02	73.96				1978.65	9.20	25.33	27.96	5.29	-1190.81	OK
2009.72	24.09	69.42				2003.86	15.45	28.57	37.63	4.86	-1216.02	OK
2036.92	24.60	67.46				2028.64	21.84	32.69	48.06	1.05	-1240.80	OK
2064.15	24.90	71.17				2053.37	28.47	36.71	58.72	1.74	-1265.53	OK
2091.36	31.10	69.76				2077.39	36.10	41.00	70.75	6.87	-1289.55	OK
2118.53	28.78	66.19				2100.93	43.74	46.06	83.32	3.23	-1313.09	OK
2145.72	26.28	65.07				2125.04	50.39	51.25	94.77	2.82	-1337.20	OK
2172.95	24.94	62.90				2149.60	56.33	56.40	105.35	1.80	-1361.76	OK
2200.15	22.84	60.19				2174.47	61.48	61.64	115.03	2.61	-1386.63	OK
2227.36	24.43	63.57				2199.39	66.64	66.77	124.65	2.30	-1411.55	OK
2254.56	22.63	64.83				2224.33	72.14	71.50	134.43	2.06	-1436.49	OK
2281.77	23.12	73.08				2249.41	78.24	75.28	144.28	3.57	-1461.57	OK
2295.37	26.43	78.57				2261.76	82.07	76.66	149.80	8.88	-1473.92	OK
2309.00	29.40	77.70				2273.80	86.53	77.97	156.05	6.60	-1485.96	OK
2322.60	31.87	79.22				2285.50	91.41	79.36	162.84	5.71	-1497.66	OK
2336.19	33.67	80.40				2296.93	96.72	80.66	170.08	4.22	-1509.09	OK
2349.79	35.50	82.93				2308.12	102.45	81.77	177.71	5.13	-1520.28	OK
2363.40	38.59	83.93				2318.98	108.71	82.71	185.86	6.94	-1531.14	OK
2377.00	41.05	85.75				2329.43	115.49	83.49	194.53	6.00	-1541.59	OK
2390.60	42.65	86.50				2339.56	122.68	84.10	203.58	3.70	-1551.72	OK
2404.20	44.67	87.83				2349.40	130.22	84.56	212.96	4.89	-1561.56	OK
2417.79	49.10	88.27				2358.68	138.28	84.90	222.87	9.80	-1570.84	OK
2431.39	53.09	88.48				2367.22	146.91	85.20	233.45	8.81	-1579.38	OK
2445.02	53.13	89.29				2375.41	155.86	85.41	244.35	1.43	-1587.57	OK
2458.62	52.12	88.69				2383.66	164.75	85.60	255.15	2.46	-1595.82	OK
2472.25	55.07	90.27				2391.75	173.82	85.69	266.12	7.07	-1603.91	OK
2485.85	61.55	91.66				2398.89	183.55	85.49	277.68	14.53	-1611.05	OK
2499.44	65.24	90.02				2404.98	193.75	85.32	289.83	8.76	-1617.14	OK
2513.04	66.02	89.88				2410.59	204.05	85.33	302.22	1.74	-1622.75	OK
2526.62	68.29	91.51				2415.86	214.54	85.18	314.73	6.01	-1628.02	OK
2540.22	70.03	94.82				2420.70	225.49	84.47	327.42	7.83	-1632.86	OK
2553.83	71.60	97.42				2425.17	236.88	83.10	340.20	6.42	-1637.33	OK
2567.43	72.61	98.34				2429.35	248.53	81.33	353.02	2.95	-1641.51	OK
2581.01	73.06	98.85				2433.36	260.27	79.39	365.85	1.47	-1645.52	OK
2594.61	74.15	98.71				2437.20	272.11	77.40	378.74	2.42	-1649.36	OK
2608.24	77.36	100.42				2440.55	284.16	75.20	391.77	7.95	-1652.71	OK
2621.84	81.25	102.29				2443.08	296.52	72.57	404.87	9.49	-1655.24	OK
2635.49	84.73	104.21				2444.74	309.21	69.46	418.05	8.72	-1656.90	OK
2649.09	86.27	104.68				2445.81	322.01	66.08	431.18	3.55	-1657.97	OK
2662.69	88.03	104.60				2446.48	334.84	62.65	444.32	3.89	-1658.64	OK
2694.03	89.85	104.28				2447.06	364.42	54.83	474.66	1.77	-1659.22	OK
2721.24	88.58	105.90				2447.44	390.20	47.75	500.93	2.27	-1659.60	OK
2748.50	88.67	109.22				2448.09	416.38	39.53	526.91	3.65	-1660.25	OK
2775.84	89.20	112.20				2448.60	443.01	29.87	552.48	3.32	-1660.76	OK
2803.03	87.84	114.17				2449.30	469.73	19.16	577.46	2.64	-1661.46	OK
2830.06	87.50	116.16				2450.40	496.44	7.68	601.90	2.24	-1662.56	OK
2857.34	88.98	118.36				2451.24	523.53	-4.81	626.14	2.91	-1663.40	OK
2884.59	87.90	121.41				2451.98	550.70	-18.38	649.76	3.56	-1664.14	OK
2911.72	91.11	124.49				2452.22	577.82	-33.13	672.51	4.92	-1664.38	OK
2938.93	88.37	127.54				2452.34	605.00	-49.13	694.52	4.52	-1664.50	OK
2966.25	89.63	130.82				2452.82	632.19	-66.38	715.69	3.86	-1664.98	OK
2993.39	89.85	130.34				2452.94	659.14	-84.03	736.30	0.58	-1665.10	OK
3020.53	90.22	130.49				2452.92	686.09	-101.63	756.97	0.44	-1665.08	OK
3048.73	88.77	130.04				2453.17	714.10	-119.86	778.48	1.62	-1665.33	OK
3076.97	89.97	129.86				2453.48	742.18	-137.99	800.13	1.29	-1665.64	OK
3104.77	88.80	131.16				2453.78	769.78	-156.04	821.26	1.89	-1665.94	OK
3132.57	90.28	130.56				2454.00	797.36	-174.23	842.29	1.72	-1666.16	OK
3160.92	90.77	132.51				2453.74	825.44	-193.03	863.51	2.13	-1665.90	OK
3189.32	89.20	132.18				2453.75	853.52	-212.16	884.50	1.69	-1665.91	OK
3217.31	90.59	132.73				2453.80	881.18	-231.05	905.15	1.60	-1665.96	OK
3245.06	91.23	133.32				2453.36	908.56	-249.98	925.43	0.94	-1665.52	OK
3272.76	90.62	132.71				2452.91	935.90	-268.87	945.68	0.93	-1665.07	OK
3300.88	90.71	132.49				2452.59	963.68	-287.91	966.38	0.25	-1664.75	OK
3329.07	90.31	132.53				2452.34	991.53	-306.95	987.16	0.43	-1664.50	OK
3357.37	90.55	133.18				2452.12	1019.47	-326.20	1007.91	0.73	-1664.28	OK
3385.01	90.40	133.03				2451.90	1046.74	-345.09	1028.08	0.23	-1664.06	OK
3413.12	90.22	133.55				2451.74	1074.46	-364.36	1048.55	0.59	-1663.90	OK
3441.27	90.06	131.13				2451.67	1102.29	-383.32	1069.35	2.58	-1663.83	OK
3496.98	90.46	129.90				2451.42	1157.60	-419.51	1111.70	0.70	-1663.58	OK
3524.78	90.37	128.52				2451.22	1185.27	-437.09	1133.24	1.49	-1663.38	OK
3580.58	91.57	128.91				2450.28	1240.85	-471.98	1176.77	0.68	-1662.44	OK
3608.72	90.59	127.71				2449.74	1268.89	-489.42	1198.85	1.65	-1661.90	OK
3637.10	89.41	128.76				2449.74	1297.19	-506.98	1221.14	1.67	-1661.90	OK
3664.91	90.31	128.76				2449.81	1324.89	-524.39	1242.83	0.97	-1661.97	OK
3692.25	89.82	130.03				2449.78	1352.09	-541.75	1263.95	1.49	-1661.94	OK
3719.40	90.28	130.13				2449.76	1379.07	-559.23	1284.73	0.52	-1661.92	OK
3746.58	90.37	129.83				2449.60	1406.09	-576.69	1305.55	0.35	-1661.76	OK
3773.89	89.85	131.15				2449.55	1433.21	-594.42	1326.32	1.56	-1661.71	OK
3801.19	89.60	130.80				2449.68	1460.29	-612.32	1346.93	0.47	-1661.84	OK
3828.37	89.20	131.45				2449.97	1487.24	-630.20	1367.41	0.84	-1662.13	OK
3855.56	88.24	130.73				2450.57	1514.20	-648.06	1387.89	1.32	-1662.73	OK
3882.71	90.12	132.46				2450.96	1541.09	-666.08	1408.19	2.82	-1663.12	OK
3909.92	91.11	132.76				2450.67	1567.97	-684.50	1428.22	1.14	-1662.83	OK
3937.07	90.74	133.37				2450.23	1594.75	-703.04	1448.05	0.79	-1662.39	OK
3964.31	91.42	132.58				2449.72	1621.63	-721.61	1467.98	1.15	-1661.88	OK
3991.54	92.50	132.88				2448.79	1648.51	-740.07	1487.97	1.23	-1660.95	OK
4018.69	89.88	130.05				2448.22	1675.40	-758.04	1508.31	4.26	-1660.38	OK
4045.76	91.73	130.11				2447.84	1702.30	-775.47	1529.01	2.05	-1660.00	OK
4072.92	90.86	129.58				2447.23	1729.30	-792.87	1549.86	1.13	-1659.39	OK
4100.14	92.59	129.76				2446.41	1756.36	-810.23	1570.80	1.92	-1658.57	OK
4127.27	91.63	129.96				2445.41	1783.31	-827.61	1591.61	1.08	-1657.57	OK
4154.44	89.57	128.47				2445.13	1810.35	-844.79	1612.66	2.81	-1657.29	OK
4181.54	89.57	129.38				2445.33	1837.34	-861.81	1633.74	1.01	-1657.49	OK
4208.65	89.85	132.00				2445.47	1864.25	-879.48	1654.30	2.92	-1657.63	OK
4235.83	89.63	131.63				2445.59	1891.15	-897.61	1674.56	0.48	-1657.75	OK
4262.92	88.98	131.62				2445.92	1917.98	-915.60	1694.80	0.72	-1658.08	OK
4290.14	90.74	131.12				2445.99	1944.96	-933.59	1715.23	2.02	-1658.15	OK
4317.27	92.25	131.10				2445.28	1971.85	-951.42	1735.66	1.67	-1657.44	OK
4344.44	91.45	130.44				2444.40	1998.80	-969.15	1756.23	1.14	-1656.56	OK
4371.53	91.51	130.11				2443.70	2025.71	-986.66	1776.89	0.37	-1655.86	OK
4398.75	90.59	129.24				2443.20	2052.77	-1004.03	1797.84	1.40	-1655.36	OK
4425.93	90.77	129.61				2442.88	2079.82	-1021.29	1818.83	0.45	-1655.04	OK
4453.14	90.09	131.52				2442.68	2106.83	-1038.99	1839.50	2.24	-1654.84	OK
4480.20	89.23	132.32				2442.84	2133.61	-1057.07	1859.64	1.30	-1655.00	OK
4507.35	88.12	131.86				2443.46	2160.46	-1075.26	1879.78	1.33	-1655.62	OK
4534.43	89.17	132.45				2444.10	2187.24	-1093.43	1899.85	1.33	-1656.26	OK
4561.56	90.43	133.12				2444.20	2214.03	-1111.86	1919.76	1.58	-1656.36	OK
4588.81	90.00	132.59				2444.10	2240.94	-1130.39	1939.73	0.75	-1656.26	OK
4616.01	89.41	132.51				2444.24	2267.81	-1148.78	1959.77	0.66	-1656.40	OK
4643.09	91.11	132.66				2444.11	2294.57	-1167.11	1979.71	1.89	-1656.27	OK
4670.21	91.54	133.37				2443.49	2321.32	-1185.60	1999.53	0.92	-1655.65	OK
4697.27	91.17	133.34				2442.85	2347.99	-1204.17	2019.20	0.41	-1655.01	OK
4724.52	91.54	131.50				2442.20	2374.92	-1222.55	2039.31	2.07	-1654.36	OK
4751.90	95.83	132.17				2440.44	2401.96	-1240.77	2059.67	4.76	-1652.60	OK
4778.96	92.31	132.46				2438.52	2428.65	-1258.94	2079.62	3.92	-1650.68	OK
4806.22	91.32	132.55				2437.66	2455.57	-1277.35	2099.71	1.09	-1649.82	OK
4833.46	89.14	131.81				2437.55	2482.51	-1295.64	2119.89	2.54	-1649.71	OK
4860.59	88.46	131.85				2438.12	2509.36	-1313.73	2140.10	0.75	-1650.28	OK
4887.79	88.86	131.38				2438.75	2536.30	-1331.78	2160.43	0.68	-1650.91	OK
4914.97	88.15	130.91				2439.46	2563.24	-1349.66	2180.89	0.94	-1651.62	OK
4942.14	87.23	130.28				2440.56	2590.19	-1367.33	2201.51	1.23	-1652.72	OK
4969.33	88.12	130.79				2441.66	2617.17	-1384.98	2222.15	1.13	-1653.82	OK
4996.56	89.17	131.33				2442.31	2644.16	-1402.86	2242.68	1.30	-1654.47	OK
5023.81	88.15	131.27				2442.94	2671.17	-1420.84	2263.15	1.12	-1655.10	OK
5050.99	89.97	129.68				2443.39	2698.15	-1438.48	2283.82	2.67	-1655.55	OK
5078.15	89.08	128.31				2443.61	2725.20	-1455.57	2304.92	1.80	-1655.77	OK
5105.28	91.45	128.78				2443.49	2752.23	-1472.48	2326.14	2.67	-1655.65	OK
5132.54	91.11	129.48				2442.88	2779.36	-1489.68	2347.28	0.86	-1655.04	OK
5159.70	89.78	130.77				2442.67	2806.35	-1507.18	2368.05	2.05	-1654.83	OK
5186.96	89.29	131.06				2442.89	2833.39	-1525.03	2388.65	0.63	-1655.05	OK
5214.14	88.40	130.79				2443.44	2860.35	-1542.83	2409.18	1.03	-1655.60	OK
5241.46	88.86	130.80				2444.09	2887.45	-1560.68	2429.86	0.51	-1656.25	OK
5268.75	87.78	129.70				2444.89	2914.55	-1578.30	2450.67	1.69	-1657.05	OK
5296.06	91.29	130.38				2445.11	2941.69	-1595.87	2471.58	3.93	-1657.27	OK
5323.44	88.58	129.22				2445.14	2968.91	-1613.39	2492.61	3.23	-1657.30	OK
5350.78	89.35	130.11				2445.64	2996.10	-1630.84	2513.65	1.29	-1657.80	OK
5378.03	89.01	130.04				2446.03	3023.18	-1648.38	2534.50	0.38	-1658.19	OK
5405.23	88.83	130.43				2446.54	3050.20	-1665.95	2555.27	0.47	-1658.70	OK
5432.46	89.82	131.56				2446.86	3077.21	-1683.81	2575.82	1.66	-1659.02	OK
5459.74	89.75	131.98				2446.96	3104.22	-1701.98	2596.16	0.47	-1659.12	OK
5486.99	89.66	131.90				2447.10	3131.19	-1720.19	2616.43	0.13	-1659.26	OK
5514.24	91.57	131.97				2446.81	3158.15	-1738.40	2636.70	2.10	-1658.97	OK
5541.54	92.00	131.27				2445.96	3185.18	-1756.52	2657.10	0.90	-1658.12	OK
5568.79	91.17	131.12				2445.21	3212.19	-1774.46	2677.60	0.93	-1657.37	OK
5596.00	88.74	130.59				2445.23	3239.18	-1792.26	2698.17	2.74	-1657.39	OK
5623.12	88.92	131.33				2445.78	3266.08	-1810.04	2718.65	0.84	-1657.94	OK
5642.75	88.59	130.84				2446.21	3285.54	-1822.93	2733.44	0.90	-1658.37	OK
5660.00	88.59	130.84				2446.63	3302.65	-1834.21	2746.49	0.00	-1658.79	OK
# EOF