# MD(mKB)	Incl(deg)	Azm(deg)	Grav(g)	Mag(Gs)	DipA(deg)	TVD(mKB)	VS(m)	NS(m)	EW(m)	DLS(deg/30m)	SS(m)	Status
0.00	0.00	0.00				0.00	0.00	0.00	0.00	0.00	796.93	OK
6.40	0.00	0.00				6.40	0.00	0.00	0.00	0.00	790.53	OK
33.00	0.00	0.00				33.00	0.00	0.00	0.00	0.00	763.93	OK
49.75	0.91	104.27				49.75	-0.04	-0.03	0.13	1.63	747.18	OK
77.70	0.75	117.99				77.70	-0.19	-0.17	0.51	0.27	719.23	OK
105.71	0.51	97.20				105.70	-0.30	-0.28	0.79	0.35	691.23	OK
133.89	0.57	97.42				133.88	-0.34	-0.31	1.05	0.06	663.05	OK
161.87	0.31	21.45				161.86	-0.30	-0.26	1.22	0.62	635.07	OK
189.89	0.45	1.63				189.88	-0.12	-0.08	1.25	0.20	607.05	OK
218.04	0.47	2.39				218.03	0.11	0.15	1.26	0.02	578.90	OK
246.26	0.59	309.41				246.25	0.32	0.36	1.15	0.52	550.68	OK
274.19	0.65	300.66				274.18	0.50	0.53	0.90	0.12	522.75	OK
302.28	0.67	282.83				302.27	0.63	0.65	0.61	0.22	494.66	OK
330.41	0.59	297.95				330.40	0.74	0.75	0.32	0.20	466.53	OK
358.14	0.66	303.51				358.12	0.90	0.91	0.06	0.10	438.81	OK
386.25	0.63	323.94				386.23	1.13	1.12	-0.17	0.25	410.70	OK
414.45	0.59	305.56				414.43	1.34	1.33	-0.38	0.21	382.50	OK
442.33	0.06	296.65				442.31	1.44	1.42	-0.51	0.57	354.62	OK
470.41	0.22	21.16				470.39	1.49	1.48	-0.50	0.24	326.54	OK
498.56	0.37	0.12				498.54	1.63	1.62	-0.48	0.19	298.39	OK
526.74	0.41	8.62				526.72	1.82	1.81	-0.46	0.07	270.21	OK
546.23	0.55	350.45				546.21	1.99	1.97	-0.47	0.32	250.72	OK
567.00	0.53	336.42				566.98	2.17	2.16	-0.52	0.19	229.95	OK
588.88	0.55	321.62				588.86	2.35	2.33	-0.63	0.19	208.07	OK
622.28	1.03	327.68				622.25	2.74	2.71	-0.89	0.44	174.68	OK
649.58	1.05	350.05				649.55	3.20	3.17	-1.06	0.44	147.38	OK
676.76	0.65	11.39				676.73	3.60	3.56	-1.08	0.56	120.20	OK
703.98	0.86	7.04				703.94	3.95	3.92	-1.02	0.24	92.99	OK
731.27	0.67	222.34				731.23	4.04	4.00	-1.10	1.60	65.70	OK
758.55	0.38	201.96				758.51	3.84	3.80	-1.25	0.37	38.42	OK
785.81	0.62	104.78				785.77	3.71	3.68	-1.14	0.84	11.16	OK
813.04	0.80	196.82				813.00	3.49	3.46	-1.05	1.13	-16.07	OK
840.31	0.46	116.57				840.27	3.26	3.23	-1.01	0.94	-43.34	OK
867.52	0.91	236.19				867.48	3.09	3.06	-1.09	1.33	-70.55	OK
894.76	0.12	320.39				894.72	3.00	2.96	-1.29	1.00	-97.79	OK
922.01	0.74	33.84				921.96	3.17	3.13	-1.21	0.79	-125.03	OK
949.26	0.92	41.13				949.21	3.47	3.44	-0.96	0.23	-152.28	OK
976.45	0.69	198.45				976.40	3.48	3.45	-0.87	1.74	-179.47	OK
1003.58	0.31	108.19				1003.53	3.30	3.27	-0.85	0.84	-206.60	OK
1030.76	0.63	165.48				1030.71	3.13	3.10	-0.75	0.59	-233.78	OK
1058.02	0.18	64.54				1057.97	3.00	2.98	-0.67	0.76	-261.04	OK
1085.27	1.43	212.67				1085.22	2.73	2.71	-0.82	1.75	-288.29	OK
1112.63	1.20	187.63				1112.57	2.17	2.14	-1.04	0.67	-315.64	OK
1139.99	0.59	156.54				1139.93	1.76	1.72	-1.02	0.83	-343.00	OK
1167.22	0.47	168.49				1167.15	1.52	1.49	-0.94	0.18	-370.22	OK
1194.56	0.72	78.18				1194.49	1.44	1.41	-0.75	0.95	-397.56	OK
1221.92	0.59	110.23				1221.85	1.41	1.40	-0.45	0.42	-424.92	OK
1249.24	0.92	134.10				1249.17	1.20	1.20	-0.16	0.49	-452.24	OK
1276.59	0.69	106.82				1276.52	0.99	1.00	0.15	0.48	-479.59	OK
1303.82	0.59	194.33				1303.75	0.80	0.81	0.28	0.98	-506.82	OK
1331.00	0.20	277.59				1330.92	0.68	0.68	0.19	0.66	-533.99	OK
1358.34	0.73	20.21				1358.26	0.85	0.85	0.21	0.88	-561.33	OK
1385.66	1.79	234.27				1385.58	0.77	0.77	-0.08	2.67	-588.65	OK
1412.88	1.19	223.96				1412.79	0.34	0.32	-0.62	0.72	-615.86	OK
1440.08	0.68	78.39				1439.99	0.17	0.14	-0.66	1.98	-643.06	OK
1467.23	1.10	80.57				1467.14	0.23	0.22	-0.24	0.47	-670.21	OK
1494.41	0.37	109.43				1494.31	0.23	0.23	0.10	0.88	-697.38	OK
1521.57	1.62	86.79				1521.47	0.21	0.23	0.56	1.42	-724.54	OK
1548.73	0.50	154.01				1548.62	0.11	0.14	1.00	1.66	-751.69	OK
1576.04	0.47	94.91				1575.93	-0.01	0.02	1.16	0.53	-779.00	OK
1630.66	0.94	197.98				1630.55	-0.46	-0.42	1.25	0.63	-833.62	OK
1657.94	0.82	210.33				1657.83	-0.84	-0.80	1.08	0.25	-860.90	OK
1685.15	0.91	263.09				1685.04	-1.02	-1.00	0.77	0.85	-888.11	OK
1712.18	0.47	282.75				1712.06	-1.01	-1.00	0.45	0.55	-915.13	OK
1739.29	0.65	33.64				1739.17	-0.86	-0.85	0.42	1.03	-942.24	OK
1766.51	0.87	40.56				1766.39	-0.58	-0.56	0.64	0.26	-969.46	OK
1793.75	1.32	34.87				1793.63	-0.18	-0.15	0.96	0.51	-996.70	OK
1820.98	1.74	37.54				1820.85	0.39	0.44	1.39	0.47	-1023.92	OK
1848.21	0.50	233.58				1848.07	0.65	0.70	1.54	2.45	-1051.14	OK
1875.44	0.33	181.28				1875.30	0.50	0.55	1.45	0.44	-1078.37	OK
1902.76	0.25	104.18				1902.62	0.40	0.45	1.50	0.40	-1105.69	OK
1930.01	0.93	59.70				1929.87	0.49	0.55	1.75	0.85	-1132.94	OK
1957.32	0.68	177.79				1957.18	0.44	0.50	1.95	1.52	-1160.25	OK
1984.59	0.62	147.12				1984.45	0.15	0.22	2.03	0.38	-1187.52	OK
2039.22	1.69	77.41				2039.07	0.04	0.14	2.98	0.87	-1242.14	OK
2066.43	0.98	118.05				2066.27	0.00	0.12	3.58	1.26	-1269.34	OK
2093.57	0.94	124.59				2093.41	-0.25	-0.11	3.97	0.13	-1296.48	OK
2120.79	0.60	244.76				2120.62	-0.43	-0.30	4.02	1.48	-1323.69	OK
2148.08	0.41	73.11				2147.91	-0.47	-0.33	3.99	1.11	-1350.98	OK
2175.41	1.04	66.59				2175.24	-0.35	-0.21	4.31	0.70	-1378.31	OK
2202.63	0.68	205.40				2202.46	-0.40	-0.26	4.46	1.78	-1405.53	OK
2229.88	0.81	202.63				2229.71	-0.72	-0.58	4.32	0.15	-1432.78	OK
2257.01	0.90	79.26				2256.84	-0.86	-0.72	4.46	1.67	-1459.91	OK
2284.21	2.38	55.41				2284.02	-0.53	-0.36	5.13	1.76	-1487.09	OK
2297.86	2.82	48.39				2297.66	-0.16	0.03	5.62	1.19	-1500.73	OK
2311.36	4.89	7.36				2311.13	0.62	0.82	5.94	7.39	-1514.20	OK
2325.01	8.37	353.81				2324.69	2.19	2.38	5.90	8.33	-1527.76	OK
2338.54	10.22	346.26				2338.04	4.34	4.53	5.51	4.90	-1541.11	OK
2352.19	10.74	344.93				2351.46	6.77	6.93	4.89	1.26	-1554.53	OK
2365.52	13.32	345.58				2364.50	9.48	9.62	4.19	5.81	-1567.57	OK
2379.17	16.59	343.21				2377.69	12.90	13.01	3.23	7.31	-1580.76	OK
2392.80	22.18	341.46				2390.54	17.25	17.32	1.85	12.37	-1593.61	OK
2406.45	25.88	340.37				2403.00	22.55	22.57	0.03	8.19	-1606.07	OK
2419.92	28.04	340.85				2415.01	28.38	28.33	-1.99	4.84	-1618.08	OK
2433.57	29.81	342.26				2426.96	34.71	34.59	-4.08	4.17	-1630.03	OK
2447.11	31.32	344.46				2438.61	41.36	41.19	-6.05	4.16	-1641.68	OK
2460.76	33.98	346.14				2450.11	48.55	48.31	-7.91	6.18	-1653.18	OK
2474.27	37.93	345.92				2461.04	56.30	56.01	-9.83	8.78	-1664.11	OK
2487.92	43.36	346.97				2471.39	65.01	64.65	-11.91	12.03	-1674.46	OK
2501.55	48.13	347.37				2480.90	74.59	74.16	-14.07	10.52	-1683.97	OK
2515.20	50.28	348.73				2489.82	84.76	84.27	-16.21	5.24	-1692.89	OK
2528.85	52.02	348.83				2498.38	95.25	94.70	-18.28	3.83	-1701.45	OK
2542.50	56.16	348.81				2506.39	106.16	105.54	-20.42	9.10	-1709.46	OK
2556.20	60.05	350.36				2513.62	117.66	116.98	-22.52	8.99	-1716.69	OK
2569.85	64.37	350.64				2519.99	129.63	128.89	-24.51	9.51	-1723.06	OK
2583.50	67.96	350.30				2525.50	142.00	141.20	-26.58	7.92	-1728.57	OK
2597.15	70.70	349.66				2530.32	154.64	153.77	-28.80	6.16	-1733.39	OK
2610.78	73.52	349.44				2534.51	167.47	166.53	-31.16	6.22	-1737.58	OK
2624.05	76.89	350.98				2537.89	180.18	179.17	-33.34	8.33	-1740.96	OK
2641.66	80.62	351.77				2541.33	197.33	196.24	-35.92	6.49	-1744.40	OK
2655.31	83.61	351.32				2543.20	210.76	209.62	-37.91	6.64	-1746.27	OK
2668.85	85.56	352.10				2544.48	224.15	222.95	-39.86	4.65	-1747.55	OK
2696.01	88.98	350.66				2545.77	251.09	249.77	-43.92	4.10	-1748.84	OK
2723.29	87.94	350.45				2546.50	278.12	276.67	-48.40	1.17	-1749.57	OK
2750.59	89.66	351.62				2547.08	305.21	303.63	-52.65	2.29	-1750.15	OK
2777.94	93.11	351.03				2546.42	332.36	330.66	-56.77	3.84	-1749.49	OK
2805.24	92.80	350.18				2545.01	359.39	357.55	-61.22	0.99	-1748.08	OK
2832.52	91.94	349.45				2543.88	386.36	384.38	-66.04	1.24	-1746.95	OK
2859.81	91.29	349.08				2543.11	413.31	411.18	-71.12	0.82	-1746.18	OK
2887.10	88.98	348.88				2543.05	440.26	437.97	-76.34	2.55	-1746.12	OK
2914.37	88.03	348.84				2543.76	467.16	464.71	-81.61	1.05	-1746.83	OK
2941.62	88.86	349.99				2544.50	494.09	491.49	-86.61	1.56	-1747.57	OK
2968.98	88.80	350.05				2545.06	521.17	518.43	-91.35	0.09	-1748.13	OK
2996.35	89.48	350.74				2545.47	548.29	545.41	-95.92	1.06	-1748.54	OK
3023.53	90.22	350.09				2545.54	575.23	572.21	-100.44	1.09	-1748.61	OK
3050.75	90.96	350.69				2545.26	602.20	599.05	-104.99	1.05	-1748.33	OK
3079.42	93.85	353.11				2544.05	630.67	627.40	-109.02	3.94	-1747.12	OK
3107.37	93.95	354.98				2542.15	658.49	655.14	-111.92	2.01	-1745.22	OK
3135.38	92.87	357.17				2540.49	686.43	683.03	-113.83	2.61	-1743.56	OK
3149.03	92.65	357.09				2539.83	700.06	696.65	-114.51	0.51	-1742.90	OK
3163.56	89.88	358.09				2539.51	714.58	711.16	-115.12	6.08	-1742.58	OK
3177.21	87.26	359.38				2539.85	728.23	724.80	-115.42	6.42	-1742.92	OK
3191.54	87.90	1.63				2540.46	742.53	739.12	-115.30	4.89	-1743.53	OK
3219.56	89.20	2.37				2541.16	770.48	767.11	-114.32	1.60	-1744.23	OK
3247.71	90.37	3.07				2541.27	798.53	795.23	-112.98	1.45	-1744.34	OK
3275.93	89.91	2.36				2541.20	826.66	823.41	-111.65	0.90	-1744.27	OK
3303.86	89.20	2.28				2541.42	854.52	851.32	-110.52	0.77	-1744.49	OK
3331.95	89.38	1.11				2541.77	882.55	879.39	-109.69	1.26	-1744.84	OK
3360.08	91.33	0.97				2541.59	910.64	907.52	-109.18	2.08	-1744.66	OK
3387.81	91.60	357.92				2540.88	938.35	935.23	-109.44	3.31	-1743.95	OK
3415.92	91.97	359.44				2540.01	966.44	963.32	-110.09	1.67	-1743.08	OK
3444.12	92.59	359.06				2538.89	994.61	991.50	-110.46	0.77	-1741.96	OK
3472.00	92.37	0.54				2537.68	1022.46	1019.35	-110.56	1.61	-1740.75	OK
3500.08	91.69	0.27				2536.68	1050.50	1047.41	-110.36	0.78	-1739.75	OK
3528.23	90.03	0.73				2536.26	1078.62	1075.56	-110.11	1.84	-1739.33	OK
3556.41	89.45	0.73				2536.39	1106.77	1103.73	-109.75	0.62	-1739.46	OK
3584.70	90.34	1.17				2536.44	1135.02	1132.02	-109.29	1.05	-1739.51	OK
3612.91	90.83	0.86				2536.15	1163.19	1160.22	-108.79	0.62	-1739.22	OK
3640.68	91.60	359.96				2535.56	1190.93	1187.99	-108.59	1.28	-1738.63	OK
3667.91	91.23	0.44				2534.89	1218.14	1215.21	-108.49	0.67	-1737.96	OK
3695.24	91.39	359.68				2534.27	1245.44	1242.53	-108.46	0.85	-1737.34	OK
3722.43	91.14	0.98				2533.67	1272.61	1269.71	-108.31	1.46	-1736.74	OK
3749.66	90.00	359.96				2533.40	1299.81	1296.94	-108.08	1.69	-1736.47	OK
3776.96	90.25	0.18				2533.34	1327.09	1324.24	-108.05	0.37	-1736.41	OK
3804.24	89.17	359.84				2533.47	1354.36	1351.52	-108.05	1.25	-1736.54	OK
3831.53	90.55	0.41				2533.54	1381.63	1378.81	-107.99	1.64	-1736.61	OK
3858.83	91.23	0.02				2533.12	1408.91	1406.10	-107.88	0.86	-1736.19	OK
3886.06	91.54	359.18				2532.46	1436.12	1433.33	-108.07	0.99	-1735.53	OK
3913.31	91.23	359.79				2531.80	1463.35	1460.57	-108.32	0.75	-1734.87	OK
3940.61	90.99	0.10				2531.27	1490.63	1487.86	-108.34	0.43	-1734.34	OK
3967.89	90.62	359.30				2530.89	1517.90	1515.14	-108.49	0.97	-1733.96	OK
3995.13	89.85	358.53				2530.78	1545.14	1542.37	-109.00	1.20	-1733.85	OK
4022.31	91.17	0.84				2530.53	1572.30	1569.55	-109.15	2.94	-1733.60	OK
4049.53	90.68	1.10				2530.09	1599.49	1596.76	-108.69	0.61	-1733.16	OK
4076.76	89.54	1.46				2530.04	1626.67	1623.98	-108.08	1.32	-1733.11	OK
4104.05	89.48	1.27				2530.28	1653.92	1651.26	-107.43	0.22	-1733.35	OK
4131.36	88.24	0.73				2530.82	1681.19	1678.56	-106.96	1.49	-1733.89	OK
4158.70	88.86	0.73				2531.51	1708.49	1705.89	-106.61	0.68	-1734.58	OK
4186.08	90.03	0.45				2531.78	1735.84	1733.27	-106.33	1.32	-1734.85	OK
4213.43	90.43	359.87				2531.67	1763.17	1760.62	-106.25	0.77	-1734.74	OK
4240.79	90.74	359.65				2531.39	1790.52	1787.98	-106.37	0.42	-1734.46	OK
4268.11	90.49	358.73				2531.09	1817.83	1815.29	-106.75	1.05	-1734.16	OK
4295.47	89.45	358.25				2531.11	1845.19	1842.64	-107.47	1.26	-1734.18	OK
4322.71	90.59	358.77				2531.10	1872.43	1869.87	-108.18	1.38	-1734.17	OK
4349.89	90.65	358.35				2530.80	1899.61	1897.04	-108.86	0.47	-1733.87	OK
4377.22	90.65	359.89				2530.49	1926.93	1924.37	-109.28	1.69	-1733.56	OK
4404.54	90.55	359.65				2530.21	1954.24	1951.69	-109.39	0.29	-1733.28	OK
4431.76	90.68	359.33				2529.92	1981.45	1978.90	-109.64	0.38	-1732.99	OK
4458.96	90.99	0.82				2529.52	2008.63	2006.10	-109.60	1.68	-1732.59	OK
4486.10	91.60	0.56				2528.91	2035.74	2033.23	-109.27	0.73	-1731.98	OK
4513.37	88.92	359.63				2528.78	2062.99	2060.50	-109.23	3.12	-1731.85	OK
4540.52	89.69	359.71				2529.11	2090.12	2087.64	-109.38	0.86	-1732.18	OK
4567.67	89.88	359.72				2529.21	2117.26	2114.79	-109.52	0.21	-1732.28	OK
4594.98	90.43	359.49				2529.14	2144.56	2142.10	-109.71	0.65	-1732.21	OK
4622.27	90.46	359.09				2528.93	2171.85	2169.39	-110.05	0.44	-1732.00	OK
4649.58	92.06	0.36				2528.33	2199.14	2196.69	-110.18	2.24	-1731.40	OK
4676.86	92.77	359.79				2527.18	2226.38	2223.95	-110.14	1.00	-1730.25	OK
4704.05	91.11	359.95				2526.26	2253.54	2251.12	-110.20	1.84	-1729.33	OK
4731.08	91.66	359.88				2525.60	2280.54	2278.14	-110.24	0.62	-1728.67	OK
4758.19	90.18	358.10				2525.17	2307.65	2305.24	-110.72	2.56	-1728.24	OK
4785.40	92.53	359.74				2524.53	2334.84	2332.44	-111.23	3.16	-1727.60	OK
4812.68	92.19	359.66				2523.40	2362.09	2359.69	-111.38	0.38	-1726.47	OK
4839.92	92.43	359.01				2522.30	2389.30	2386.91	-111.69	0.76	-1725.37	OK
4867.15	91.11	0.57				2521.46	2416.50	2414.13	-111.79	2.25	-1724.53	OK
4894.39	89.66	0.77				2521.28	2443.72	2441.36	-111.47	1.61	-1724.35	OK
4921.72	90.71	0.84				2521.19	2471.01	2468.69	-111.09	1.16	-1724.26	OK
4948.99	91.54	0.05				2520.66	2498.26	2495.95	-110.88	1.26	-1723.73	OK
4976.30	91.39	0.63				2519.96	2525.54	2523.25	-110.72	0.66	-1723.03	OK
5003.58	90.52	0.94				2519.50	2552.78	2550.53	-110.34	1.02	-1722.57	OK
5030.88	89.82	0.17				2519.42	2580.06	2577.82	-110.08	1.14	-1722.49	OK
5058.23	89.85	0.10				2519.50	2607.39	2605.17	-110.01	0.08	-1722.57	OK
5085.45	90.22	0.03				2519.48	2634.59	2632.39	-109.98	0.42	-1722.55	OK
5112.62	91.20	359.95				2519.15	2661.75	2659.56	-109.99	1.09	-1722.22	OK
5139.85	90.92	0.46				2518.64	2688.95	2686.79	-109.89	0.64	-1721.71	OK
5167.14	90.80	2.07				2518.23	2716.20	2714.07	-109.29	1.77	-1721.30	OK
5194.37	90.06	2.46				2518.03	2743.35	2741.27	-108.21	0.92	-1721.10	OK
5221.60	90.09	2.25				2517.99	2770.51	2768.48	-107.09	0.23	-1721.06	OK
5248.86	89.75	1.21				2518.03	2797.71	2795.73	-106.27	1.20	-1721.10	OK
5276.00	89.75	0.71				2518.15	2824.82	2822.86	-105.81	0.55	-1721.22	OK
5303.21	89.72	0.29				2518.28	2852.01	2850.07	-105.58	0.46	-1721.35	OK
5330.37	89.75	359.79				2518.40	2879.15	2877.23	-105.56	0.55	-1721.47	OK
5357.56	89.88	359.60				2518.49	2906.33	2904.42	-105.70	0.25	-1721.56	OK
5384.81	89.88	358.90				2518.55	2933.57	2931.67	-106.06	0.77	-1721.62	OK
5412.07	89.75	358.43				2518.64	2960.83	2958.92	-106.69	0.54	-1721.71	OK
5439.19	90.12	0.62				2518.67	2987.94	2986.04	-106.92	2.46	-1721.74	OK
5466.39	90.34	1.22				2518.56	3015.11	3013.23	-106.48	0.70	-1721.63	OK
5493.56	88.83	1.20				2518.75	3042.24	3040.40	-105.91	1.67	-1721.82	OK
5520.85	88.03	0.83				2519.50	3069.48	3067.67	-105.43	0.97	-1722.57	OK
5548.04	89.23	0.46				2520.15	3096.64	3094.85	-105.12	1.39	-1723.22	OK
5575.35	90.00	359.35				2520.34	3123.93	3122.16	-105.16	1.48	-1723.41	OK
5602.61	90.71	358.61				2520.17	3151.19	3149.42	-105.65	1.13	-1723.24	OK
5629.82	90.37	358.92				2519.91	3178.39	3176.62	-106.24	0.51	-1722.98	OK
5657.07	90.49	358.72				2519.71	3205.64	3203.86	-106.80	0.26	-1722.78	OK
5683.74	90.74	358.03				2519.42	3232.31	3230.52	-107.55	0.83	-1722.49	OK
5701.00	90.74	359.03				2519.20	3249.57	3247.77	-108.00	1.74	-1722.27	OK
# EOF